2
5
10
140
141
190
193
194
197
200
203
204
207
210
211
212
213
255
256
368
424
534
540
546
574
615
620
621
625
666
667
676
694
695
714
715
716
718
777
814
821
822
825
853
897
995
997
998
1039
1040
1082
1083
1102
1193
1195
1196
1197
1270
1276
1277
1278
1417
1427
1443
1482
1510
1544
1642
1644
1649
1661
1663
1666
1673
1680
1681
1682
1683
1684
1685
1686
1687
1688
1689
1701
1702
1703
1704
1706
1720
1732
1733
1735
1736
1883
1891
1924
1925
1929
1930
2096
2097
2099
3270
3271
3272
3273
3274
3492
3532
3533
3534
3535
3537
3538
3573
3598
3707
3708
3720
3721
3722
3724
3725
3761
3762
3763
3765
3766
3775
3776
3777
3778
3779
3832
3833
3840
3880
3895
3896
3904
3905
3906
3908
3909
3910
3911
3912
3913
3920
3921
3950
4013
4017
4037
4066
4067
4068
4069
4070
4071
4072
4073
4074
4075
4076
4077
4078
4079
4080
4091
4092
4093
4094
4095
4096
4097
4098
4099
4100
4101
4102
4103
4232
4233
4234
4235
4236
4239
4450
4507
4508
4509
4510
4511
4519
4520
4521
4522
4682
4684
4685
4688
4777
4778
4779
4780
4781
4782
4784
4785
4786
4787
4788
4799
4835
4836
4838
4846
4848
4849
5006
5156
5157
5158
5159
5169
5170
5171
5264
5268
5376
5381
5521
5879
5936
5940
6329
6330
6332
6342
6354
6357
6360
6366
6367
6370
6373
6379
6381
6382
6383
6387
6389
6393
6394
6396
6406
6407
6439
6440
6442
6443
6448
6459
6469
6517
6519
6603
6605
6606
6607
6608
6609
6610
6611
6674
6675
6677
6679
6680
6684
6776
6778
6788
6802
6803
6854
6855
6856
6857
7481
7482
7483
7487
7488
7489
7490
7491
7492
7495
7526
7527
7528
7529
7548
7554
7709
7710
7711
7712
7713
7872
8056
8208
8256
8259
8261
8345
8357
8363
8372
8416
9152
9307
9476
9477
9491
9505
9511
9512
9513
9678
9721
9846
9887
9888
9918
9962
10186
10192
10374
10375
10376
10377
10435
10458
10521
10527
10535
10541
10575
10577
10668
10669
10670
10671
10672
10673
10674
10675
10676
10677
10693
10694
10695
10696
10697
10698
10699
10805
10806
10807
10808
10809
10810
10983
11198
11199
11206
11234
11237
11239
11242
11261
11262
11264
11268
11298
11299
11306
11333
11334
11544
11638
11671
11672
11673
11674
11675
11677
11679
11681
11682
11683
11763
11764
11765
11766
11767
11768
11769
11770
11771
11772
11773
11774
11775
11776
11777
11778
11779
11780
11781
11782
11783
11784
11785
11786
11787
11788
11789
11790
11791
11792
11793
11794
11795
11818
11839
11861
11862
11867
11868
11916
11917
11918
11919
11920
11921
11922
11933
11937
11942
11946
11947
11951
12109
12146
12147
12173
12174
12189
12346
12348
12349
12350
12351
12352
12353
12355
12376
12394
12530
12531
12532
12537
12551
12552
12654
12737
12985
12986
13191
13197
13199
13218
13220
13325
13362
13378
13537
13538
13539
13540
13561
13562
13566
13571
13596
13668
13670
13735
13747
13748
13749
13767
13768
13804
13927
13928
13929
13930
14063
14208
14344
14358
14386
14538
14539
14541
14542
14568
14569
14570
14571
14572
14576
14577
14578
14579
14580
14581
14583
14584
14585
14586
14588
14589
14590
14661
14684
14693
14809
15210
15464
15469
15471
15475
15476
15487
15488
15540
15541
15542
15543
15625
15880
16095
16155
16158
16162
16163
16334
16354
16743
16744
16745
16747
16819
16820
16821
16822
16878
16879
16880
17132
17462
17491
17496
17499
17500
17573
17588
17605
17606
17607
17608
17609
17610
17611
17631
17632
17633
17634
17635
17636
17637
17644
17735
17782
17884
17906
18031
18032
18033
18034
18043
18044
18124
18144
18145
18146
18159
18197
18607
18611
18876
18877
18887
19073
19074
19179
19184
19187
19192
19412
19413
19415
19416
19417
19418
19420
19422
19423
19425
19438
19441
19442
19459
19707
19708
19729
19758
19759
19760
19889
19890
19891
20050
20361
20362
20364
20365
20366
20369
20372
20373
20374
20375
20376
20424
20432
20469
20704
21058
21085
21087
21167
21228
21231
21232
21400
21401
21402
21403
21404
21409
21422
21657
21672
21676
21677
21707
21774
21842
21859
21860
21891
21895
22088
22091
22093
22094
22095
22097
22295
22348
22472
22473
22474
22475
22476
22477
22478
22479
22480
22481
23013
23015
23016
23037
23039
23155
23156
23172
23353
23371
23372
23505
24216
24217
24218
24362
24363
24364
24365
24366
24367
24368
24369
24370
24371
24418
24420
24421
24422
24423
24424
24425
24426
24427
24428
24429
24430
24431
24432
24512
24515
24521
24524
24698
24699
24700
24701
24702
24717
24720
24739
24741
24742
24745
24746
24747
24748
24749
24842
24898
24899
24901
24912
24915
24917
24963
24975
24983
25063
25066
25104
25124
25215
25216
25227
25232
25233
25234
25235
25324
25378
25601
25603
25605
25606
25608
25609
25795
25796
25797
25802
25804
26007
26008
26010
26011
26012
26013
26014
26016
26017
26020
26021
26022
26025
26026
26034
26035
26036
26169
26174
26298
26301
26302
26307
26322
26464
26465
26466
26583
26600
26605
26629
26638
26639
26640
26641
26642
26643
26651
26652
26653
26654
26655
26656
26657
26658
26659
26674
26681
26754
26765
27164
27177
27194
27195
27197
27198
27258
27406
27454
27455
27456
27547
27548
27549
27550
27551
27552
27609
27610
27611
27612
27613
27667
27673
27797
27799
27802
27803
27804
27805
27855
27856
27866
27945
27953
27975
27978
27981
27987
28241
28260
28477
28478
28479
28480
28481
28482
28483
28484
28485
28546
28548
28553
28571
28608
29045
29128
29180
29243
29245
29255
29271
29272
29355
29465
29480
29587
29602
29673
29718
29719
29720
29721
29738
29739
29740
29741
29742
29744
29745
29746
29747
29750
29752
29807
29813
29816
29961
29971
30041
30043
30050
30056
30058
30059
30090
30095
30120
30196
30198
30230
30486
30487
30488
30519
30520
30521
30522
30636
30690
30740
31040
31041
31042
31043
31044
31165
31356
31389
31390
31391
31392
31807
31887
31888
31889
31999
32001
32021
32075
32081
32218
32325
32326
32327
32328
32329
32330
32331
32332
32333
32334
32335
32336
32337
32338
32339
32340
32433
32437
32438
32439
32525
32686
32687
32689
32693
32694
32695
32755
32759
32760
32800
32882
33020
33049
33050
33064
33067
33068
33069
33070
33071
33072
33123
33124
33203
33216
33221
33278
33415
33422
33424
33426
33446
33459
33460
33461
33465
33477
33538
34003
34147
34167
34257
34258
34263
34484
34510
34511
34994
34996
35007
35296
35299
35443
35444
35527
35534
35535
35537
35539
35541
35543
35571
35734
36143
36144
36145
36146
36147
36272
36273
36275
36277
36304
36322
36333
36371
36380
36388
36428
36435
36481
36526
36567
36614
36615
36616
36618
36643
36659
36983
36984
36985
36986
36987
36988
36990
36992
36994
36997
36999
37041
37111
37113
37119
37121
37131
37136
37141
37147
37324
37325
37368
37369
37416
37417
37423
37538
37592
37725
37727
37730
37731
37779
37781
37784
37859
37911
37920
38312
38321
38323
38326
38351
38352
38353
38354
38361
38362
38363
38365
38399
38435
38450
38522
38557
38560
38847
38878
38955
38961
38964
38965
38966
38967
39188
39259
39278
39291
39298
39357
39359
39378
39484
39488
39530
39658
39659
39660
39661
39662
39663
39664
39665
39666
39667
39875
39900
39904
40121
40122
40123
40133
40134
40139
40141
40147
40161
40180
40182
40250
40509
40525
40541
40542
40598
40683
40725
40842
40843
40851
40903
40908
40909
40938
40940
40985
40986
41018
41054
41095
41147
41191
41192
41568
41570
41573
41605
41709
41714
41812
41961
41962
41965
41983
42014
42016
42017
42019
42020
42023
42025
42029
42030
42031
42044
42045
42046
42048
42119
42126
42234
42235
42236
42238
42240
42241
42243
42245
42247
42310
42442
42475
42648
42659
42751
42761
42789
42966
42984
43016
43018
43019
43020
43021
43022
43023
43024
43025
43026
43027
43028
43029
43030
43063
43172
43173
43533
43534
43535
43536
43585
43586
43587
43588
43589
43590
43592
43593
43594
43595
43596
43598
43599
43600
43608
43621
43623
43695
43696
43697
43698
43699
43761
43773
43796
43842
43843
43844
43856
43857
43858
43860
43861
43863
43865
43866
43867
43868
43869
43883
43886
43899
43911
43962
43965
44092
44110
44169
44236
44342
44347
44354
44778
44779
44780
44781
44782
44791
44792
44793
44794
44795
44796
44797
44798
44799
44801
44803
44804
44805
44806
44809
44820
44821
44822
44823
44848
44849
44850
44851
44853
44854
44917
44918
44946
44947
44948
44949
44950
44951
44952
45099
45100
45101
45102
45103
45150
45151
45153
45154
45335
45387
45388
45389
45390
45391
45392
45393
45474
45475
45508
45513
45514
45515
45516
45517
45518
45519
45520
45521
45522
45523
45941
46024
46043
46058
46068
46078
46079
46157
46158
46159
46160
46161
46162
46238
46241
46525
46611
46711
46726
46732
46733
46736
46839
46840
46841
46842
46844
46846
46854
46855
46928
46930
47068
47069
47070
47071
47072
47073
47074
47075
47076
47077
47192
47193
47194
47195
47196
47197
47198
47199
47200
47201
47202
47260
47506
47510
47657
47658
47659
47660
47661
47662
47663
47665
47666
47670
47671
47707
47826
47835
47865
47868
47894
47895
47896
47897
47916
47921
48015
48042
48043
48044
48046
48269
48307
48367
48368
48369
48437
48439
48440
48442
48443
48444
48446
48450
48452
48453
48454
48456
48457
48462
48463
48464
48465
48466
48488
48489
48491
48492
48493
48494
48763
48808
48815
48861
48862
48863
48864
48865
48931
49029
49030
49039
49061
49062
49064
49066
49067
49068
49070
49071
49072
49073
49394
49401
49407
49408
49473
49476
49478
49812
49817
49842
49843
49844
49845
49846
49847
49848
49849
49856
49857
50264
50272
50276
50283
50323
50539
50543
50836
50952
50955
50956
51004
51005
51006
51111
51112
51113
51114
51115
51117
51118
51120
51203
51262
51263
51265
51267
51268
51269
51271
51273
51274
51275
51276
51333
51479
51776
51784
51785
51923
51954
51991
51992
51998
51999
52000
52001
52034
52035
52036
52037
52039
52040
52041
52042
52044
52045
52118
52119
52120
52121
52122
52123
52124
52125
52126
52127
52128
52129
52141
52409
52446
52447
52448
52449
52451
52500
52501
52502
52508
52522
52579
52628
52629
52630
52631
52632
52633
52634
52635
52636
52637
52638
52639
52641
52642
52644
52645
52646
52647
52648
52649
52650
52859
52860
52861
52862
53152
53154
53156
53157
53158
53159
53160
53299
53300
53301
53302
53379
53381
53457
53496
53576
53578
53591
53592
53675
53723
53724
53725
53726
53727
53728
53729
53807
53862
53863
53937
54019
54031
54032
54033
54034
54037
54039
54061
54062
54063
54064
54149
54150
54151
54152
54153
54154
54155
54156
54158
54159
54160
54163
54234
54235
54236
54237
54297
54335
54365
54376
54433
54436
54437
54438
54442
54443
54475
54476
54479
54480
54481
54482
54496
54568
54570
54576
54578
54580
54621
54623
54624
54625
54626
54662
54664
54665
54666
54667
54719
54735
54753
54874
54942
55076
55097
55100
55101
55102
55113
55119
55120
55121
55122
55123
55124
55149
55231
55232
55233
55234
55235
55236
55237
55238
55240
55241
55242
55285
55286
55287
55288
55289
55290
55291
55292
55293
55294
55295
55402
55430
55436
55437
55480
55481
55549
55572
55709
55710
55711
55712
55713
55714
55715
55716
55717
55718
55719
55783
55786
55807
55808
55809
55810
55811
55826
55827
55828
55830
55831
55832
55833
55900
56010
56015
56020
56028
56029
56030
56031
56033
56034
56036
56247
56248
56249
56273
56274
56275
56465
56466
56467
56468
56469
56470
56471
56472
56474
56493
56495
56496
56497
56498
56499
56516
56517
56518
56519
56520
56521
56639
56640
56641
56645
56646
56648
56649
56650
56651
56686
56687
56688
56689
56690
56691
56692
56693
56694
56695
56696
56795
56796
56797
56798
56799
56800
56801
56802
56803
56804
56805
56888
57164
57175
57176
57177
57178
57179
57180
57344
57360
57371
57417
57418
57440
57442
57500
57569
57626
57627
57628
57629
57630
57639
57640
57648
57658
57661
57662
57663
57665
57691
57697
57819
57820
57821
57822
57823
57936
57937
57938
57939
57943
57968
58052
58053
58054
58060
58061
58063
58068
58070
58115
58116
58117
58135
58140
58161
58162
58164
58166
58169
58170
58173
58174
58212
58213
58215
58221
58225
58341
58474
59078
59373
59374
59561
59653
59654
59656
59657
59658
59659
59660
59663
59664
59666
59667
59669
59671
59673
59675
59676
59677
59678
59679
59680
59681
59682
59683
59684
59685
59686
59687
59688
59702
59706
59707
59708
59709
59710
59719
59720
59721
59723
59724
59725
59726
59727
59823
59876
59930
60037
60038
60041
60042
60045
60048
60074
60143
60144
60145
60146
60170
60317
60472
60474
60477
60478
60510
60544
60547
60548
60549
60736
60753
60754
60755
60756
60757
60758
60775
60776
60777
60857
60864
60865
60994
61006
61007
61008
61010
61011
61012
61013
61159
61160
61161
61172
61174
61175
61452
61453
61491
61492
61493
61587
61589
61591
61592
61668
61670
61679
61814
61884
62001
62003
62005
62007
62163
62164
62165
62180
62183
62185
62186
62187
62188
62189
62190
62191
62192
62193
62194
62195
62196
62337
62426
62436
62445
62446
62448
62449
62450
62452
62458
62525
62526
62527
62528
62529
62531
62532
62533
62534
62586
62589
62591
62592
62594
62595
62596
62655
62671
62742
62748
62749
62750
62751
62753
63043
63044
63045
63117
63191
63208
63224
63226
63287
63289
63290
63291
63292
63470
63471
63472
63626
63655
63733
63747
63755
63757
63770
63789
63803
63804
63805
63874
63900
63908
63922
63936
63999
64005
64006
64007
64008
64009
64035
64078
64091
64093
64247
64248
64249
64252
64253
64331
64332
64333
64334
64338
64364
64365
64366
64407
64409
64410
64535
64536
64537
64538
64542
64553
64556
64567
64594
64601
64604
64659
64787
64788
64789
64796
64809
64834
64840
64841
64854
64855
64856
64857
64858
64859
64860
64861
64862
64863
64864
64865
64866
64893
64895
64896
64918
64919
64988
64989
64990
64991
64992
64993
64994
64995
65063
65064
65073
65076
65077
65090
65234
65488
65619
65685
65752
65755
65756
65893
66058
66073
66074
66075
66076
66180
66187
66390
66405
66469
66482
66483
66525
66636
66637
66638
66641
66643
66644
66646
66648
66649
66650
66757
67007
67010
67011
67016
67017
67121
67163
67232
67233
67235
67308
67357
67358
67359
67360
67361
67362
67363
67366
67367
67368
67412
67470
67500
67553
67556
67557
67558
67597
67598
67600
67637
67639
67640
67660
67661
67673
67707
67760
67763
67764
67765
67766
67784
67793
67829
68353
68354
68355
68356
68407
68410
68444
68531
68539
68540
68541
68543
68549
68573
68579
68592
68600
68601
68680
68682
68683
68820
68821
68837
68838
68839
68840
68841
68842
68843
68844
68851
68852
68853
68854
68860
68861
68862
68869
68872
68875
69001
69002
69170
69181
69182
69188
69193
69195
69196
69197
69198
69199
69200
69201
69202
69203
69204
69205
69206
69207
69208
69209
69210
69211
69554
69555
69561
69563
69564
69567
69682
69723
69726
69727
69732
69744
69745
69746
69747
69761
69762
69763
69764
69765
69766
69767
69768
69781
69784
69785
69787
69788
69789
69791
69792
69793
69798
69822
69823
69824
69825
69826
69827
69828
69830
69833
69904
70002
70005
70174
70206
70207
70208
70402
70409
70654
70655
70657
70660
70813
70873
70875
70878
70879
71096
71133
71157
71158
71172
71173
71174
71175
71216
71225
71228
71230
71231
71240
71241
71242
71243
71244
71245
71246
71247
71248
71249
71250
71251
71252
71253
71254
71255
71276
71507
71508
71509
71510
71511
71512
71513
71514
71515
71516
71617
71620
71622
71690
71691
71692
71693
71694
71695
71709
71714
71715
71719
71721
71822
71884
71885
71937
71938
72046
72047
72050
72056
72058
72059
72064
72067
72068
72069
72070
72071
72072
72073
72074
72075
72076
72129
72130
72131
72134
72135
72136
72146
72149
72200
72206
72210
72215
72232
72233
72234
72287
72288
72289
72290
72456
72468
72476
72477
72562
72565
72570
72604
72605
72607
72612
72738
72781
72782
72783
72784
72785
72786
72787
72788
72789
72790
72926
72927
72928
72930
73099
73100
73123
73124
73125
73169
73170
73171
73172
73174
73175
73192
73193
73306
73309
73318
73335
73340
73341
73342
73343
73344
73363
73365
73366
73367
73368
73369
73370
73371
73372
73465
73466
73467
73468
73469
73486
73495
73550
73551
73566
73568
73572
73573
73580
73584
73585
73587
73658
73675
73760
73761
73762
73764
73765
73766
73767
73768
73769
73770
73771
73772
73774
73778
73792
73797
73819
73820
73821
73822
73921
74302
74347
74348
74362
74365
74370
74371
74372
74373
74375
74377
74378
74380
74381
74382
74383
74384
74385
74386
74387
74388
74390
74392
74421
74445
74546
74669
74671
74706
74908
74942
74954
74955
74959
74960
75194
75221
75230
75304
75310
75314
75317
75429
75430
75431
75432
75433
75434
75435
75436
75437
75438
75439
75440
75441
75442
75443
75607
75612
75692
75762
75763
75764
75782
75783
75784
75785
75786
75787
75788
75844
75862
75866
75869
75883
75903
75908
75925
75926
75927
75928
75929
75930
75931
75932
75933
75935
75936
75937
75975
76036
76069
76071
76072
76073
76074
76075
76076
76077
76078
76079
76121
76375
76381
76437
76440
76654
76659
77517
77519
77521
77522
77523
77564
77571
77572
77952
78038
78156
78213
78516
78833
78834
78839
78841
78843
78845
78847
78848
78849
78850
78851
78852
78984
78998
79087
79575
79593
79605
79606
79610
79616
79741
79973
79975
79977
79978
79985
79986
79988
79990
79995
80035
80293
80341
80351
80389
80402
80515
80516
80517
80518
80519
80520
80693
80694
80695
80696
80697
80751
80753
80754
80755
80756
80758
80765
80766
80772
80773
80774
80775
80776
80793
80833
80834
80835
80836
81033
81037
81082
81083
81084
81085
81189
81193
81194
81195
81362
81365
81436
81457
81485
81491
81512
81523
81543
81554
81555
81565
81576
81586
81600
81612
81613
81623
81638
81650
81660
81781
81782
81792
81802
81803
81814
81868
81938
81945
81946
81988
81999
82157
82231
82237
82242
82250
82410
82505
82507
82628
82629
82630
82631
82881
82886
82890
82892
82893
82914
82915
82916
82917
82918
82919
82920
82921
82928
82929
82930
82931
82932
83600
83612
83613
83715
83717
83718
83719
83789
83790
83791
83903
83911
83913
83954
83960
83969
84009
84055
84056
84058
84095
84096
84097
84111
84135
84136
84139
84141
84142
84144
84154
84155
84156
84157
84158
84159
84195
84198
84200
84201
84202
84264
84290
84291
84405
84417
84423
84483
84484
84485
84486
84605
84743
84757
84768
84788
84817
85027
85038
85039
85040
85041
85290
85291
85317
85318
85343
85346
85347
85400
85419
85420
85421
85422
85423
85424
85425
85426
85427
85428
85482
85484
85485
85486
85487
85488
85489
85490
85491
85492
85494
85691
85692
85693
85787
85788
85791
85792
85816
85817
85822
85823
85828
85831
85832
85833
85834
85835
85836
85837
85838
85839
85840
85950
85951
85952
85953
85954
85955
85956
85957
85963
85966
85967
86140
86259
86417
86419
86441
86443
86481
86482
86483
86484
86485
86486
86487
86562
86576
86623
86720
86721
86724
86725
86730
86761
86762
86763
86793
86795
86799
87068
87070
87096
87097
87098
87099
87100
87101
87102
87103
87104
87105
87106
87107
87108
87121
87151
87152
87153
87154
87155
87157
87158
87159
87160
87161
87185
87186
87187
87188
87189
87190
87191
87192
87193
87194
87237
87322
87323
87324
87325
87361
87362
87363
87377
87430
87431
87639
87641
87642
87643
87644
87645
87967
87968
87971
88428
88429
88486
88846
88848
88854
88856
88858
88860
88861
88863
88864
88867
88868
88869
88870
88871
88872
88873
88874
88875
88876
88877
88878
88879
88892
88899
88900
88959
88960
89212
89350
89376
89441
89447
89456
89473
89474
89482
89484
89485
89486
89639
89704
89814
89815
89816
89817
89841
89843
89846
89847
89848
89857
89859
89860
89991
89992
90027
90074
90278
90570
90579
90582
90583
90587
90589
90590
90591
90592
90625
90639
90652
90695
90804
90824
90826
90828
90982
90987
90993
91081
91082
91083
91084
91085
91086
91087
91088
91089
91092
91093
91098
91102
91130
91157
91158
91159
91160
91161
91162
91163
91164
91177
91178
91179
91181
91182
91183
91184
91185
91186
91187
91205
91228
91238
91306
91309
91312
91315
91317
91318
91319
91329
91349
91443
91455
91458
91459
91619
91620
91621
91622
91623
91624
91625
91755
91788
91790
91791
91793
91796
91797
91851
91868
91869
91894
91897
91899
91900
91933
91934
91936
91937
91938
91958
91960
92124
92125
92129
92130
92131
92206
92275
92282
92283
92284
92292
92466
92508
92535
92536
92538
92539
92540
92546
92548
92551
92554
92556
92561
92562
92564
92565
92573
92574
92868
92872
92873
92874
92878
92881
92885
92886
92887
92888
92889
92947
92948
92949
92950
92951
92952
92953
92954
92955
93363
93364
93704
93710
93712
93716
93727
93867
93868
93915
93917
93918
93919
93920
93921
93940
93941
93942
93943
93944
93981
94026
94033
94034
94035
94036
94037
94038
94039
94263
94348
94411
94414
94415
94419
94422
94423
94426
94449
94465
94467
94468
94628
94630
94631
94632
94634
94635
94638
95189
95231
95248
95249
95250
95251
95308
95309
95310
95452
95506
95564
95722
95724
95725
95726
95727
95908
95910
95911
95912
95914
95915
96166
96167
96168
96169
96399
96400
96401
96402
96403
96408
96627
96657
96675
96678
96692
96693
96694
96695
96696
96697
96698
96699
96718
96726
96728
96729
96730
96731
96898
96900
96901
96902
96935
96936
96944
96945
96946
97037
97041
97043
97211
97215
97216
97279
97283
97285
97373
97374
97393
97404
97406
97407
97424
97540
97542
97544
97545
97547
97548
97568
97569
97570
97585
97586
97587
97588
97589
97590
97690
97691
97692
97697
97793
97794
97813
97814
97841
97844
97845
97846
97847
97848
97886
97887
97894
97940
97958
97959
97960
97961
97962
97980
97986
97987
97988
97989
98202
98203
98204
98205
98206
98227
98228
98235
98236
98237
98238
98251
98297
98339
98565
98567
98569
98573
98574
98575
98576
98577
98578
98579
98580
98581
98582
98583
98584
98585
98613
98617
98618
98619
98620
98621
98622
98623
98624
98625
98626
98627
98628
98680
98681
98701
98770
98838
99041
99134
99135
99214
99260
99261
99274
99311
99313
99345
99361
99362
99363
99364
99368
99369
99370
99371
99372
99373
99374
99375
99389
99390
99391
99392
99393
99394
99395
99411
99419
99436
99437
99438
99439
99440
99441
99442
99501
99703
99704
99707
100478
100479
100480
100497
100535
100536
100544
100549
100550
100552
100745
100799
100802
100835
100949
100958
100959
100972
100973
100975
100976
101111
101112
101116
101118
101119
101864
101868
101873
101893
102092
102195
103600
103800
103808
104008
104009
104010
104062
104063
104064
104065
104066
104067
104068
104086
104276
104277
104278
104279
104282
104283
104284
104356
104357
104625
104724
104725
105022
105119
105142
105145
105196
105408
105411
105412
105413
105414
105443
105450
105451
105662
105664
105670
105671
105672
105673
105674
105682
105683
105685
105712
105713
105714
105715
105716
105717
105718
105719
105720
105722
105824
105825
105826
105827
105887
105890
105912
105914
105915
105916
105917
105918
105919
105920
106274
106277
106339
106342
106343
106456
106457
106458
106463
106465
106502
106522
106562
106563
106564
106566
106567
106568
106569
106570
106571
106937
106953
106954
106955
106956
107020
107021
107025
107027
107028
107029
107030
107031
107101
107125
107126
107127
107128
107129
107178
107179
107180
107181
107182
107183
107184
107185
107186
107187
107188
107189
107248
107249
107250
107251
107256
107257
107388
107389
107390
107391
107425
107426
107427
107429
107432
107433
107434
107435
107476
107506
107531
107532
107533
107534
107535
107567
107569
107571
107574
107577
107578
107579
107583
107584
107588
107589
107590
107591
107592
107593
107594
107595
107596
107597
107598
107613
107616
107617
107659
107799
107804
107805
107809
107810
107850
107851
107852
107908
107949
107950
107951
107952
107953
107954
107955
107956
107957
108012
108014
108015
108016
108017
108018
108019
108020
108021
108022
108023
108024
108025
108026
108027
108031
108036
108037
108038
108049
108050
108059
108060
108155
108230
108290
108297
108298
108299
108300
108301
108302
108303
108304
108305
108306
108307
108308
108313
108314
108318
108319
108343
108415
108416
108418
108420
108421
108422
108423
108425
108426
108427
108428
108429
108464
108471
108472
108473
108474
108475
108476
108477
108478
108487
108488
108489
108490
108491
108492
108494
108496
108497
108498
108499
108500
108501
108502
108503
108504
108505
108745
108774
108799
108808
108809
108812
108836
108837
108838
108839
108840
108841
108878
108879
108880
108881
108882
108883
108884
108885
108906
108925
108957
108961
108962
108967
108968
108969
108970
109068
109071
109072
109106
109189
109191
109203
109235
109276
109349
109350
109355
109356
109357
109445
109446
109447
109448
109449
109450
109468
109480
109481
109497
109535
109537
109538
109542
109543
109548
109670
109681
109684
109685
109686
109687
109711
109712
109896
109900
109901
109902
109903
109904
109905
109906
110109
110110
110111
110166
110167
110171
110172
110230
110259
110260
110261
110262
110263
110264
110265
110266
110267
110274
110384
110410
110417
110436
110437
110438
110439
110440
110441
110447
110448
110449
110450
110451
110452
110546
110610
110611
110623
110629
110630
110634
110636
110637
110647
110648
110649
110650
110651
110652
110653
110654
110681
110684
110687
110688
110689
110690
110691
110711
110735
110736
110923
110927
110928
110980
110982
110983
110985
111015
111220
111221
111222
111223
111224
111225
111226
111227
111228
111229
111230
111306
111311
111335
111367
111368
111371
111372
111375
111376
111377
111378
111379
111382
111385
111386
111387
111388
111389
111390
111391
111392
111393
111394
111395
111396
111397
111398
111399
111400
111401
111402
111460
111579
111658
111747
111793
111819
111873
111911
111933
111974
112020
112065
112066
112088
112133
112196
112197
112198
112199
112209
112210
112211
112215
112252
112314
112315
112316
112317
112318
112490
112526
112527
112528
112529
112583
112584
112585
112586
112587
112588
112668
112733
112734
112735
112767
112768
112769
112770
112780
112781
112785
112788
112789
112821
112975
112976
112977
112978
113016
113017
113018
113019
113020
113021
113022
113023
113024
113025
113026
113027
113028
113034
113035
113036
113037
113063
113110
113164
113165
113166
113167
113203
113259
113260
113261
113263
113265
113266
113268
113269
113270
113271
113272
113276
113277
113280
113281
113282
113294
113303
113304
113305
113311
113334
113335
113336
113342
113343
113344
113357
113359
113360
113511
113512
113513
113530
113558
113564
113574
113696
113697
113698
113699
113700
113701
113702
113787
113788
113789
113790
113808
113809
113810
113822
113932
113933
113934
113935
113946
113949
113950
113969
113970
113971
113972
113973
114036
114037
114040
114041
114042
114044
114045
114047
114048
114049
114050
114051
114061
114062
114064
114065
114066
114067
114069
114070
114072
114073
114074
114076
114077
114198
114199
114200
114201
114231
114232
114233
114234
114235
114236
114237
114238
114239
114242
114245
114265
114266
114268
114272
114274
114275
114289
114290
114291
114292
114293
114294
114295
114296
114297
114298
114371
114372
114373
114374
114375
114384
114385
114386
114387
114388
114389
114390
114391
114392
114393
114395
114396
114397
114398
114399
114400
114401
114402
114403
114404
114405
114406
114408
114409
114410
114411
114412
114413
114414
114415
114416
114430
114532
114533
114534
114535
114536
114538
114539
114541
114544
114545
114556
114558
114559
114879
114880
114884
114936
114937
114938
114939
114940
114941
114942
114943
115125
115262
115263
115267
115268
115269
115271
115272
115273
115321
115339
115391
115392
115470
115471
115472
115473
115474
115475
115591
115592
115597
115697
115698
115699
115700
115721
115722
115723
115724
115735
115761
115762
115764
115765
115766
115767
115768
115769
115771
115772
115773
115774
115775
115811
115812
115813
115814
115815
115816
115817
115849
115850
115852
115888
115891
115892
115922
115923
115925
115927
115930
115932
115935
115944
115948
116029
116068
116098
116099
116101
116116
116119
116235
116236
116237
116239
116241
116242
116243
116261
116344
116345
116372
116383
116446
116447
116448
116449
116451
116452
116453
116454
116455
116456
116457
116458
116464
116465
116466
116467
116468
116487
116488
116489
116490
116491
116547
116549
116586
116587
116704
116706
116707
116709
116733
116735
116736
116753
116755
116756
116757
116758
116759
116760
116833
116868
116869
116870
116871
116872
116873
116874
116876
116877
116878
116879
116880
116881
116882
116883
117057
117159
117160
117161
117169
117170
117171
117172
117173
117287
117288
117450
117472
117473
117609
117610
117611
117612
117613
117614
117627
117628
117629
117630
117631
117632
117666
117667
117668
117669
117670
117846
117944
117945
117946
117966
117970
117991
118000
118012
118058
118059
118060
118061
118062
118063
118068
118084
118085
118087
118195
118196
118222
118223
118257
118276
118277
118279
118327
118384
118478
118484
118489
118496
118498
118499
118500
118502
118503
118504
118507
118569
118618
118629
118670
118671
118672
118674
118734
118735
118738
118739
118920
118921
118922
118923
118950
118951
118952
118953
118954
118955
118957
118958
118972
118986
118987
118988
119025
119026
119027
119063
119086
119095
119097
119118
119134
119187
119193
119257
119369
119379
119413
119545
119569
119571
119574
119575
119578
119579
119580
119582
119583
119715
119719
119725
119726
119727
119893
119894
119895
119896
119897
119898
119899
119900
119901
119922
119938
119939
119940
119941
119942
119979
119985
119988
119991
119992
119993
119994
120105
120109
120111
120112
120150
120160
120161
120171
120172
120177
120178
120179
120183
120184
120188
120189
120194
120196
120199
120200
120203
120207
120208
120296
120297
120298
120299
120300
120302
120303
120304
120305
120306
120307
120308
120309
120310
120312
120313
120314
120315
120316
120317
120318
120319
120320
120321
120322
120323
120324
120325
120326
120327
120328
120329
120330
120331
120332
120333
120462
120466
120467
120468
120469
120470
120471
120504
120769
120770
120771
120772
120773
120774
120775
120776
120777
120778
121251
121256
121257
121273
121288
121312
121313
121314
121315
121316
121317
121318
121319
121320
121321
121322
121323
121346
121366
121449
121450
121451
121452
121453
121454
121472
121473
121474
121475
121570
121589
121590
121591
121592
121593
121594
121734
121735
121736
121737
121738
121739
121740
121813
121866
121867
121869
121976
121985
121987
122001
122003
122004
122066
122077
122079
122080
122081
122082
122083
122084
122085
122086
122087
122088
122132
122153
122166
122190
122199
122201
122204
122247
122261
122395
122397
122398
122399
122400
122472
122473
122474
122475
122498
122499
122500
122503
122504
122533
122534
122578
122579
122620
122621
122622
122623
122624
122625
122626
122627
122628
122630
122631
122632
122633
122634
122635
122644
122645
122646
122647
122648
122649
122650
122651
122654
122671
122673
122675
122683
122685
122686
122798
122799
122800
122803
122804
122805
122806
122807
122808
122809
122810
122901
122910
122911
122932
122934
122935
122936
122959
122999
123000
123001
123002
123003
123004
123094
123096
123097
123099
123147
123273
123278
123333
123342
123427
123438
123439
123440
123441
123442
123458
123461
123467
123468
123474
123484
123485
123486
123487
123488
123504
123505
123506
123509
123523
123614
123641
123645
123647
123760
123761
123762
123763
123764
123821
123825
123832
123834
123835
123866
123867
123868
123899
123932
123933
123934
123935
123936
123937
123938
123964
123965
123966
123968
123969
123970
123971
123972
123973
123974
123975
123976
123977
123978
123979
123980
123981
123986
124154
124175
124176
124177
124178
124179
124180
124181
124183
124231
124409
124411
124424
124425
124426
124460
124461
124470
124474
124477
124479
124480
124481
124482
124483
124484
124485
124509
124554
124555
124702
124752
124753
124754
124755
124756
124870
124872
124873
124874
124875
124876
124877
124912
124913
124915
124916
124917
124918
124971
124992
124996
125001
125002
125003
125004
125182
125183
125185
125186
125187
125188
125189
125190
125191
125192
125193
125194
125195
125196
125286
125287
125288
125289
125291
125293
125298
125299
125312
125313
125314
125315
125333
125337
125375
125377
125432
125551
125612
125614
125616
125617
125618
125620
125621
125622
125657
125659
125680
125681
125721
125722
125723
125774
125776
125777
125778
125779
125809
125812
125813
125814
125815
125816
125817
125818
125819
125820
125821
125822
125823
125824
125825
125826
125827
126014
126015
126016
126017
126018
126047
126055
126102
126103
126104
126105
126180
126181
126182
126183
126185
126186
126187
126188
126189
126214
126215
126216
126217
126218
126219
126220
126221
126223
126224
126225
126226
126227
126229
126230
126231
126232
126233
126234
126276
126283
126289
126290
126291
126294
126295
126297
126300
126316
126317
126318
126319
126320
126321
126354
126357
126362
126398
126400
126401
126402
126403
126404
126405
126406
126407
126408
126409
126410
126411
126412
126413
126414
126415
126416
126417
126425
126426
126427
126428
126429
126430
126431
126455
126489
126490
126491
126505
126508
126510
126512
126519
126520
126521
126522
126598
126600
126601
126602
126603
126605
126606
126607
126608
126646
126666
126667
126668
126669
126670
126671
126672
126673
126674
126675
126676
126716
126717
126718
126719
126720
126743
126746
126747
126748
126749
126778
126781
126782
126786
126789
126790
126882
126883
126884
126885
126886
126887
126899
126900
126944
126979
127036
127037
127062
127066
127155
127159
127190
127191
127192
127193
127194
127203
127204
127205
127206
127207
127208
127209
127210
127211
127212
127263
127265
127266
127267
127268
127269
127271
127273
127274
127275
127276
127277
127278
127279
127280
127281
127285
127286
127287
127288
127289
127290
127294
127295
127296
127297
127298
127299
127300
127301
127302
127303
127339
127343
127349
127350
127356
127357
127358
127359
127360
127402
127422
127469
127494
127495
127496
127497
127498
127499
127620
127623
127648
127660
127661
127662
127663
127720
127722
127726
127798
127804
127806
127878
127908
127909
127910
127911
127912
127913
127914
127915
127916
127996
128443
128448
128469
128470
128471
128472
128473
128476
128477
128482
128494
128500
128504
128619
128666
128668
128699
128709
128710
128711
128799
128811
128812
128813
128814
128815
128816
128825
128827
128828
128835
128845
128927
128992
129039
129040
129042
129043
129044
129046
129184
129185
129186
129187
129188
129189
129190
129268
129362
129372
129374
129375
129391
129392
129393
129395
129396
129397
129398
129399
129400
129401
129402
129403
129404
129405
129406
129407
129439
129442
129444
129620
129624
129674
129675
129683
129694
129695
129696
129806
129807
129808
129816
129874
129875
129876
129879
129880
129882
129883
129884
129885
129886
129887
129889
129904
129910
129914
129915
129918
129919
129920
129922
129923
129924
129925
129926
129927
129962
129968
129969
129970
129972
129973
129997
130016
130084
130129
130130
130131
130132
130133
130134
130135
130136
130137
130168
130170
130218
130265
130347
130349
130367
130368
130369
130370
130371
130372
130440
130454
130456
130650
130667
130682
130683
130689
130691
130692
130693
130709
130710
130711
130758
130920
130921
130922
130923
130929
130930
130931
130932
130933
130934
130937
130940
130944
130945
130948
130950
130951
130952
130953
130954
130955
130956
130963
130964
130986
130988
130989
130990
130991
130992
130993
131016
131019
131020
131021
131024
131166
131292
131323
131324
131325
131326
131327
131385
131422
131425
131426
131436
131439
131444
131446
131448
131449
131451
131452
131453
131454
131536
131552
131553
131554
131567
131624
131656
131657
131658
131764
131767
131770
131771
131772
131773
131774
131787
131789
131791
131792
131794
131795
131796
131797
131837
131897
131899
131900
131901
131902
131903
131904
131911
131912
131913
131914
131917
131918
131919
131922
131923
131924
131925
131938
131939
131940
131941
131942
131950
131951
131952
131953
131980
131982
131983
131984
131985
131986
132019
132040
132041
132042
132045
132118
132122
132134
132138
132139
132140
132141
132142
132272
132420
132424
132434
132436
132561
132566
132567
132568
132675
132677
132678
132679
132773
132774
132775
132778
132779
132781
132784
132786
132787
132788
132789
132790
132791
132792
132793
132794
132795
132914
132954
132961
132962
132963
132964
132965
133015
133016
133019
133020
133022
133023
133024
133025
133026
133027
133028
133029
133272
133273
133274
133275
133276
133293
133294
133297
133332
133333
133479
133535
133537
133538
133544
133545
133546
133551
133553
133560
133561
133562
133563
133564
133567
133571
133572
133573
133574
133576
133579
133580
133632
133638
133639
133729
133731
133770
133788
133793
133798
133802
133803
133833
133835
133836
133837
133838
133916
133942
133943
133967
133968
133969
133970
133971
133972
133973
133974
133975
133976
133977
133978
134034
134052
134053
134054
134073
134077
134084
134094
134359
134384
134385
134388
134389
134446
134447
134448
134509
134510
134580
134586
134594
134610
134631
134643
134801
134823
134824
134825
134826
134827
134918
134919
134922
134923
134928
134929
134930
134931
134932
134933
134934
134935
134936
134937
134938
134939
134940
134941
134942
134943
134947
134948
134949
134950
134951
134952
134956
134959
134962
134979
134981
135010
135028
135039
135043
135044
135054
135089
135091
135092
135363
135364
135365
135368
135369
135370
135371
135372
135373
135374
135375
135986
135989
135990
136091
136094
136134
136137
136138
136275
136320
136321
136322
136323
136324
136331
136404
136424
136449
136465
136466
136467
136468
136469
136705
136706
136707
136708
136709
136928
136994
136995
137054
137151
137152
137166
137167
137168
137169
137170
137171
137172
137173
137174
137175
137176
137211
137212
137213
137214
137356
137417
137418
137419
137423
137424
137425
137426
137462
137463
137484
137500
137551
137561
137563
137567
137593
137740
137895
137896
137898
137899
137900
137901
137907
137935
137990
137998
138010
138015
138016
138017
138038
138039
138040
138041
138053
138062
138063
138064
138065
138066
138067
138068
138069
138070
138071
138207
138210
138211
138212
138213
138215
138216
138217
138218
138256
138282
138306
138311
138317
138318
138319
138320
138355
138406
138410
138413
138414
138415
138416
138578
138579
138580
138581
139003
139043
139110
139112
139117
139123
139226
139329
139330
139461
139485
139491
139520
139521
139522
139523
139524
139532
139534
139536
139537
139637
139638
139663
139681
139687
139688
139769
139770
139771
139772
139773
139774
139775
139776
139777
139804
139862
139876
139954
139990
139991
139992
139993
139994
139995
140134
140135
140258
140259
140260
140261
140262
140263
140266
140316
140344
140421
140564
140565
140566
140576
140584
140788
140789
140790
140791
140794
140871
140872
140873
140874
140875
141074
141137
141139
141141
141143
141144
141164
141166
141167
141168
141173
141179
141180
141181
141182
141264
141282
141283
141284
141285
141286
141287
141288
141289
141290
141291
141292
141293
141295
141296
141297
141299
141300
141303
141304
141310
141375
141561
141562
141564
141566
141567
141568
141569
141590
141591
141592
141593
141594
141873
141874
141875
141876
141894
141901
141902
141903
141972
142078
142079
142080
142081
142082
142083
142084
142085
142086
142087
142088
142089
142091
142092
142093
142128
142129
142132
142133
142381
142402
142418
142511
142516
142517
142519
142528
142529
142530
142531
142532
142549
142550
142551
142552
142553
142564
142565
142566
142567
142568
142569
142570
142571
142572
142573
142574
142575
142576
142577
142579
142666
142668
142669
142670
142671
142672
143039
143046
143055
143056
143057
143058
143059
143060
143061
143095
143097
143098
143099
143106
143214
143215
143216
143217
143218
143219
143220
143221
143237
143290
143318
143319
143532
143989
143995
144170
144171
144172
144173
144179
144180
144181
144182
144423
144424
144465
144466
144467
144468
144469
144470
144471
144472
144473
144474
144475
144476
144477
144487
144492
144542
144543
144544
144545
144546
144547
144548
144549
144550
144551
144552
144587
144733
144740
144741
144809
144810
144933
144934
144935
144936
144937
144938
144939
144940
144941
144942
144943
144944
144945
144946
145002
145003
145004
145005
145020
145027
145041
145042
145043
145058
145059
145074
145183
145189
145199
145241
145257
145258
145259
145260
145431
145432
145462
145464
145550
145551
145552
145553
145554
145555
145556
145606
145607
145608
145609
145610
145645
145646
145653
145702
145703
145704
145705
145706
145707
145708
145709
145710
145711
145724
145727
145728
145729
145730
145741
145742
145743
145744
145745
145746
145752
145754
145755
145756
145757
145758
145759
145760
145761
145780
145783
145917
145918
146017
146018
146019
146020
146070
146147
146148
146149
146150
146151
146152
146153
146458
146478
146481
146482
146483
146639
146681
146683
146685
146687
146689
146713
146716
146724
146725
146726
146727
146961
146968
146969
146970
147059
147085
147086
147087
147126
147191
147265
147267
147268
147269
147295
147309
147409
147412
147413
147780
147815
147886
147956
148066
148070
148074
148075
148076
148077
148078
148079
148099
148112
148113
148114
148120
148121
148124
148130
148131
148132
148133
148168
148246
148285
148286
148287
148288
148289
148290
148302
148305
148439
148441
148443
148444
148510
148513
148514
148516
148517
148518
148519
148532
148535
148536
148537
148584
148585
148586
148587
148602
148603
148604
148605
148773
149075
149078
149082
149083
149099
149100
149101
149102
149103
149118
149124
149138
149139
149140
149141
149142
149143
149185
149369
149370
149416
149417
149422
149488
149523
149687
149689
149690
149700
149701
149712
149714
149727
149750
149775
149776
149777
149778
149842
149951
149953
150062
150063
150064
150073
150078
150079
150080
150265
150266
150267
150268
151404
152103
152253
152254
152258
152261
152262
152324
152418
152425
152480
152543
152545
152568
152569
152570
153337
153383
153452
153946
153955
153956
154413
154414
155066
